#Category 1;TAS1,TAS2,TAS3,TAS4,TAS5,TAS6,TAS7,TAS8,TAS9,TAS10,TAS11,TAS12,TAS13,TAS14,TAS15,TAS16,TAS17,TAS18,TAS19,TAS20,TAS21,TAS22,TAS23,TAS24,TAS25,TAS26,TAS27
SNX1-4.png,Untreated,-1.6438073,-1.1763132,-1.1865704,-0.4362773,-0.35681242,0.57898325,1.4486355,1.3044449,0.64887017,-0.71923846,-0.89072937,-1.3668531,-0.12636794,-0.5882755,-0.33447957,-0.2988684,0.39443845,1.0012138,-0.8980035,-1.1098573,-0.97348636,0.41983083,0.9726154,0.9959475,0.86025083,0.7817319,0.3730396;-2.808211,0.85995144;-1.3461378,0.24115598,-1.7235106
SNX1-1.png,Untreated,-1.5283499,-1.9958152,-1.5673152,-0.79063535,0.88214964,2.235282,1.5660492,1.3442733,0.58999497,-0.6191072,-0.63107353,-1.0359333,-0.5600549,-0.49772912,0.12889928,-0.12881763,1.1351764,0.6314635,-0.37153324,-0.226141,0.1196912,0.5867701,0.43587673,0.039038923,-0.19114754,-0.12675382,-0.1725126;-2.9859126,-0.6923228;-0.13588654,-1.383166,-0.44590482
SNX1-2.png,Untreated,-1.3581951,-1.0938846,-0.9672793,-0.57991505,-0.06670417,1.2888521,0.841666,0.80072147,0.7568383,-0.045350097,-0.02035192,-0.3030709,0.22269039,-0.42189077,-0.3499856,-0.15542467,0.15909575,0.24640517,-0.001868283,0.23113929,0.59508175,0.97267026,-0.40579468,-0.47518563,-0.51658165,-0.56457555,-0.34365594;0.33523872,-2.213009;1.9662155,-2.2703662,-2.635399
SNX1-5.png,Untreated,-1.2889943,-1.0567684,-1.0910667,-0.8131094,-1.7462218,-0.04663087,0.7605883,1.0254734,1.7913536,-0.13294922,-0.3582488,-0.6872983,0.30726528,-0.38082337,-0.16247706,-0.8275296,-0.16028416,0.5629514,-0.26602268,-0.22012202,0.24332576,1.6222756,0.19666836,-0.28110644,-0.3791824,-0.4125575,-0.39818144;-0.78121895,-2.9278185;1.6629965,-2.7898474,-1.3221456
SNX1-12.png,Untreated,-1.2630972,-1.9272265,-1.064724,-1.1493483,-1.0552208,0.6017795,1.3090602,1.692721,1.4503195,0.8949693,0.38893747,0.012136179,-0.8757365,-1.2507379,-1.5682108,-1.2335804,0.26950163,1.3995773,1.7225301,1.7587059,1.3553197,-0.70303196,-1.8012218,-1.5911301,-1.244005,-0.9839162,-0.6270221;-0.29628193,-6.655561;1.3041824,-6.597295,-3.8010802
SNX1-8.png,Untreated,-1.0300164,-1.1694325,-1.801881,-2.265832,-2.0460777,0.4341872,1.1968151,2.0505064,2.6711352,0.23199776,0.35405368,-0.7221477,-2.1881936,-2.3773265,-2.35861,-1.2109346,0.33453518,2.9714057,-0.15820059,-0.30840066,-0.7672473,-1.340751,0.19829293,0.78398925,0.8013858,0.7932798,0.62513673;-4.985987,-4.71416;-4.371106,-4.1768484,-4.276241
SNX1-3.png,Untreated,-0.82047373,-1.0120196,-0.9746053,-0.8273412,-0.44744667,0.57934386,0.7369943,1.0397753,1.0389564,-0.2198409,0.09479984,-0.3685203,-0.08766493,-0.637455,-0.4373166,-0.41182625,0.26475745,0.55561846,-0.3567363,-0.31669423,-0.19203651,0.66709566,0.28207996,0.3005357,0.06363433,0.017247194,-0.16985771;-0.540696,-1.2442877;0.49953583,-1.472763,-3.013027
SNX1-15.png,Untreated,-0.7215836,-0.6540778,0.023885215,-0.3646293,0.5165456,0.59651065,0.5332392,0.4273278,-0.029082319,1.1446882,0.20964156,0.50275743,0.5402724,0.1974678,0.08164722,-0.8236658,-0.30630305,-0.4187302,1.8779112,1.6724014,1.539335,-0.15042369,-1.9992882,-1.6918733,-1.5798053,-1.0777308,-0.6277119;4.3010178,-4.458705;5.2354465,-4.2214055,-4.110088
SNX1-4noc.png,Nocodazole,-0.70278984,-0.33231667,-0.5303677,1.7903407,1.0646336,0.20651108,-0.51294315,-0.67817026,-0.6701686,-1.3673209,-1.4501723,-1.2194519,1.2035254,0.65659434,1.5467,0.77911705,0.18301257,-0.73943084,-0.886878,-0.6522917,-0.32893226,1.0929232,0.8142555,0.48755687,0.26244083,-0.010632093,-0.17877755;1.0793718,3.67389;3.6350245,3.093473,-1.3740543
SNX1-3noc.png,Nocodazole,-0.7020818,-0.45505217,-0.5606968,1.2227082,0.80399626,0.11023372,-0.41801336,-0.2676172,-0.27330914,-1.6455556,-1.742173,-1.8076785,0.28405282,0.5125338,1.3619792,1.4548641,0.9363689,-0.29188478,-1.107506,-1.0290421,-0.94842434,0.89503336,1.2260584,1.1375228,0.68160975,0.3367424,6.157271E-4;-0.6223101,3.9904394;1.6602975,3.7883117,-1.3343071
SNX1-14.png,Untreated,-0.5780667,-0.49030873,-0.6817062,-0.87479126,0.16756178,1.4252015,1.1880264,0.65659636,0.2091098,0.18989632,-0.25034437,-0.4713401,-1.4079751,-1.3701997,-0.58235514,0.2858003,1.026727,1.1656983,-0.23984438,-0.5478332,-0.40797034,-0.2975846,0.6443931,0.66017985,0.5096369,0.2083601,-0.04129946;-1.6448066,-0.45892492;-1.1558818,-0.47163078,-4.053965
SNX1-5noc.png,Nocodazole,-0.47166646,-0.09400176,-0.3273439,1.1668551,0.991493,0.5254982,-0.29441428,-0.5107227,-0.67655545,-1.1295738,-1.0847492,-0.7681419,0.7454089,0.7383708,1.4265785,0.58309513,0.16365346,-0.6859416,-0.8436569,-0.5906458,-0.2867483,0.97443247,0.66718215,0.51918215,0.19567473,0.0030093242,-0.10404973;1.3694757,2.6561995;3.3076553,2.4479897,-2.1396244
SNX1-6.png,Untreated,-0.41839418,-0.50937533,-0.45561332,-0.034107737,0.32939896,1.2379363,0.57984626,0.33874038,-0.24218272,-0.2588968,-0.03487326,-0.18213697,0.5040631,0.20544864,0.29122403,0.07505307,0.24689838,-0.40143934,-0.42820203,-0.27010715,-0.06846198,0.62856,0.342668,0.20176522,-0.028255085,-0.056144156,-0.104379654;0.97068495,0.18801841;2.2573752,0.0413406,-3.0800092
SNX1-7.png,Untreated,-0.32147565,-0.4784866,-0.66347235,-1.1110255,-1.070229,0.6075397,0.963622,1.0879583,0.79703516,1.9138485,1.8863784,1.3609184,-0.4979724,-0.8583591,-1.179787,-0.8126808,-0.4386398,0.22379734,3.034686,2.5880432,1.4276365,-1.3565587,-2.8088465,-2.1525133,-1.6556027,-1.0988481,-0.6114972;3.9779172,-7.6962843;4.012644,-7.2832785,-6.374921
SNX1-6noc.png,Nocodazole,-0.1672867,0.16454159,-0.26921535,0.87027764,0.4040515,0.4730612,-0.24410719,-0.43752393,-0.51575536,-1.1286753,-0.93314314,-1.1195537,0.60429734,0.26957667,0.8823234,0.8862099,0.43561062,-0.35388422,-0.97160244,-0.8746056,-0.87898713,0.81450605,0.8708061,0.8649399,0.7132012,0.36777338,0.2506694;0.4039786,2.6997201;2.0433917,2.816122,-2.7392087
SNX1-1noc.png,Nocodazole,-0.08368444,0.5016163,-0.15069196,0.7677414,0.6359181,-0.17614305,-0.54257727,-0.58514124,-0.34768713,-1.1493602,-1.0334636,-0.54092187,1.2456356,1.1961579,1.3846059,-0.15242986,-0.46233478,-0.80005074,-0.7499214,-0.52793705,-0.32123217,1.05173,0.60497063,0.39861664,0.11285939,0.100629605,-0.09754058;2.5288863,2.1679425;4.4060802,2.3119643,-2.8846908
SNX1-10.png,Untreated,-0.080643006,-0.7001536,-0.8240213,-1.3792375,-1.6329787,1.2728736,1.5005935,1.0675364,0.92144626,0.884644,0.18403594,0.026966352,-1.3441008,-1.6971804,-1.6520667,-0.8851955,0.2229377,1.778061,-0.22989023,-0.8517488,-1.0691245,-0.9340429,0.24770023,1.1015141,1.300915,1.0943644,0.49585605;-3.4386508,-2.7971022;-2.8163788,-1.8659426,-5.569547
SNX1-13noc.png,Nocodazole,-0.011840953,0.7919856,1.81331,0.5511512,0.7478946,-1.1432296,-0.8131186,-1.0021492,-0.95260596,-1.246325,-1.1514142,-0.5083267,-0.68864506,0.6258704,0.5588853,1.4295763,1.029559,-0.1489237,-0.9395443,-0.8635922,-0.78044385,-0.31050727,1.1607633,1.0463455,0.91093814,0.54088795,0.11899414;2.6113446,5.0284553;2.09204,4.749192,-5.061086
SNX1-13.png,Untreated,0.16460054,-0.4584553,-0.779704,-1.2748685,-1.9182835,0.68324864,1.1017137,0.97219384,1.1141423,1.856476,1.4193081,0.822157,-0.6271273,-1.1696744,-1.4184203,-1.4053379,-0.123531856,0.7836902,1.5834955,1.3123894,0.78192645,-0.80117494,-1.2591047,-1.068246,-0.7886096,-0.74380165,-0.47696084;1.6570134,-5.836057;1.539651,-5.428447,-6.188227
SNX1-10noc.png,Nocodazole,0.20103277,0.28155804,1.0594273,0.58599627,1.2168382,-0.06970307,-0.8086581,-0.8348384,-0.88444054,-1.33695,-1.9291801,-1.4824296,-1.6195908,-0.57445323,0.54576427,2.3529575,2.7186642,0.49137738,-1.3412163,-1.9441223,-3.1175637,-3.7686281,-0.13633585,1.8352445,3.262721,4.529918,5.254442;-4.9898767,9.030517;-5.1869354,7.6749225,-7.4870477
SNX1-11.png,Untreated,0.26400137,0.05116235,-0.2767098,-0.5204937,0.004818583,0.575993,0.31538826,0.4711292,-0.019145198,1.0272632,0.64850944,0.12729935,-0.6059747,-0.817566,-0.7861355,0.2208609,0.35893953,0.37901,0.24166892,0.02274957,-0.11677977,-0.119555175,0.11451,0.09399843,0.12934978,-0.15860988,-0.27789503;1.5891517,-1.5154568;1.1574476,-1.0659912,-5.5274954
SNX1-9.png,Untreated,0.26698503,-0.67201823,-0.48920402,-1.662022,-2.3467443,-0.81835276,0.99389833,0.8607419,1.9807495,1.7191452,1.4392291,0.9883165,-1.012785,-1.1333048,-1.7874051,-1.3738238,-0.92971164,1.2544194,1.4711543,1.1167548,1.1398888,-0.68528974,-0.91519696,-1.2147387,-1.0136462,-0.8593708,-0.5144206;1.640731,-6.976425;0.95010257,-5.550442,-7.716191
SNX1-9noc.png,Nocodazole,0.27562305,0.71652305,0.5498472,0.6712478,1.7169079,-0.15978462,-0.5018973,-1.0663685,-0.9690669,-1.0849577,-1.292155,-0.96819437,-1.2656593,-0.035189856,1.0303656,2.59213,1.7690568,-0.13908802,-0.8840128,-0.9635569,-0.9600592,-0.6362528,1.1016548,1.4177101,1.2744873,0.4976144,0.038487528;0.7919785,5.864776;0.29227751,5.1951637,-4.2278414
SNX1-14noc.png,Nocodazole,0.2890147,0.7956166,1.3209021,1.0260096,0.7093413,-0.72844553,-1.2474253,-1.1921909,-0.9455992,-0.038839888,0.6925801,1.3716762,0.7881405,1.4493902,0.60674566,-0.32498494,-1.09712,-1.2299825,0.36527693,0.9308108,1.2425047,0.2438871,-0.68238395,-1.112075,-1.0859582,-0.79436845,-0.5475787;6.8594923,-0.40849724;7.206574,-0.15348329,-5.479004
SNX1-2noc.png,Nocodazole,0.46255255,0.8183015,0.84472895,1.7057402,0.6185197,-0.65345055,-1.5801297,-1.2256562,-1.109446,-0.5245276,0.21179143,0.34513107,2.0453608,1.600523,1.1632347,-0.07470859,-1.7120311,-1.5234307,-0.32881057,0.24035278,0.5237415,1.0044432,0.044087384,-0.37556696,-0.60103625,-0.6015491,-0.4316248;6.7369823,2.197224;7.2698193,1.9494358,-4.420032
SNX1-15noc.png,Nocodazole,0.5192621,1.1524171,1.0412418,0.59660065,0.24959981,-1.405862,-1.0319933,-0.6687251,-0.650535,0.021939354,0.78022426,1.4071674,1.2016606,1.0820433,0.20679602,-0.8720016,-1.6919674,-0.9114048,0.35826328,0.72207606,1.1431794,0.31703955,-0.58663076,-0.92327374,-0.95181483,-0.7748955,-0.5530559;6.632781,-1.241507;6.680124,-0.46526176,-6.7243967
SNX1-16noc.png,Nocodazole,0.8376077,1.0772375,1.1465197,0.33502492,0.6944482,-0.3799725,-0.9014236,-0.93032247,-0.88334,0.049301323,0.7966451,0.9264054,0.66094613,0.67122537,0.61973673,0.25927174,-0.52845323,-1.1010637,0.383587,0.79003525,0.8886287,0.025627658,-0.4448031,-0.8241396,-0.7694583,-0.71510255,-0.5191319;5.4612246,-0.28949106;5.635788,0.020867174,-5.920599
SNX1-11noc.png,Nocodazole,0.986363,1.4643434,1.5681955,0.7042041,0.035499107,-1.8643187,-1.2870008,-1.091553,-0.7903713,-0.19754234,-0.2714164,0.31864902,0.56894195,1.373236,0.5250649,0.15595324,-0.3998624,-0.87168545,-0.37873635,-0.31846356,-0.058179136,0.4502927,0.55827975,0.05854661,0.01982675,0.032986943,-0.062093817;5.32432,2.1841762;5.030412,2.8233607,-6.2753363
SNX1-16.png,Untreated,1.4475008,0.6086206,0.69954354,-0.32187095,-0.1656276,-0.29843444,-0.06241235,-0.25765356,-0.47308475,1.8025246,1.506565,1.2555388,-0.08835524,-0.05109414,-0.6897265,-0.08829947,-0.41135153,-0.48516375,0.49122262,0.051148064,-0.2518285,-0.40708733,0.1083433,-0.033156537,0.08969676,0.15084074,-0.05772401;3.9481456,-1.7124046;2.7255874,-0.630063,-7.8875546
SNX1-7noc.png,Nocodazole,1.5823977,1.2374638,1.0005028,0.64034516,0.37251264,-0.812042,-1.1681039,-0.95267653,-0.95363533,0.3652894,0.40708405,-0.009466013,-0.5364406,0.34238663,0.18370904,0.5423831,0.19467178,-0.23978677,-0.57763726,-0.931371,-1.1615293,-0.71227366,0.97000957,1.025859,1.0987935,0.8624174,0.91071135;4.1255717,4.066887;1.7239575,3.0788074,-7.446462
SNX1-8noc.png,Nocodazole,1.8900737,1.2717868,0.83042604,0.10279531,0.42663708,-1.0039347,-0.87469214,-0.80469835,-0.6463349,-0.34506908,-0.34133533,0.30350548,-0.28915015,0.20859885,0.59331316,1.1820114,0.2762957,-0.45492253,-0.63464063,-0.6625493,-0.42499217,0.17914107,1.180426,0.7175575,0.3491934,0.08837234,-0.23775907;3.8942597,2.842739;2.9076838,3.04411,-6.3115797
SNX1-17noc.png,Nocodazole,1.8963711,1.8066715,1.1197797,0.87991357,0.18324456,-1.869506,-1.2732013,-1.2688496,-0.97680396,0.05305091,0.50649965,1.2959927,1.0613831,1.2350742,0.38715553,-0.31419384,-1.3350165,-1.1079185,-0.24429707,0.055136815,0.530119,0.5164054,0.13631013,-0.22861129,-0.40732282,-0.4508842,-0.32562813;7.100054,1.0790738;6.3186054,1.8033224,-7.3975363
SNX1-12noc.png,Nocodazole,2.109082,1.5358443,1.6438859,0.78856933,0.08029925,-2.0032196,-1.4739994,-1.3652846,-0.9608055,1.0350468,1.888537,2.496829,1.8381258,1.4967612,-0.21775402,-1.4050148,-2.5232973,-1.5399618,1.308959,1.7173444,1.5836672,-0.23949741,-1.8383136,-1.714444,-1.4241937,-0.97644365,-0.5875918;9.777693,-2.5409665;8.863982,-1.6016034,-9.16059
